255,255,248,243,242,244,252,255,
255,253,241,243,246,248,253,255,
255,251,241,250,254,255,255,255,
255,251,241,242,245,252,255,255,
255,254,248,247,244,246,254,255,
255,255,255,255,249,243,254,255,
255,255,250,249,243,244,254,255,
255,255,247,241,244,252,255,255


255,255,248,242,242,248,254,255,
255,252,243,241,243,246,254,255,
255,251,243,246,249,253,255,255,
255,252,245,243,249,255,255,255,
255,255,248,242,247,255,255,255,
255,255,250,244,245,254,255,255,
255,255,248,242,244,254,255,255,
255,255,247,241,247,255,255,255


255,255,254,245,244,253,255,255,
255,255,248,240,247,254,255,255,
255,255,243,245,255,255,255,255,
255,254,241,248,254,255,255,255,
255,252,240,245,245,249,255,255,
255,253,241,243,245,242,251,255,
255,255,245,242,246,241,247,255,
255,255,254,246,241,244,252,255


255,255,255,255,255,255,255,255,255,255,255,255,255,255,255,255,255,255,255,255,255,255,255,255,255,255,255,255,255,255,255,255,255,255,255,255,255,255,255,255,255,255,255,255,255,255,255,255,255,255,255,255,255,255,255,255,255,255,255,255,255,255,255,255


255,255,253,246,249,255,255,255,
255,255,248,243,252,255,255,255,
255,254,242,248,255,253,253,255,
255,251,241,252,253,248,251,255,
255,247,241,248,244,242,252,255,
255,248,240,242,242,242,252,255,
255,254,247,245,243,247,253,255,
255,255,253,244,243,252,255,255


255,255,249,242,243,250,255,255,
255,252,241,245,244,243,254,255,
255,252,246,252,245,244,254,255,
255,254,248,243,240,245,254,255,
255,255,252,247,245,241,252,255,
255,255,252,253,253,242,249,255,
255,255,247,247,246,242,251,255,
255,255,248,242,243,250,255,255


255,255,247,241,245,253,255,255,
255,252,241,243,242,246,255,255,
255,252,245,251,248,242,255,255,
255,254,252,254,248,242,255,255,
255,255,255,255,244,245,255,255,
255,255,255,250,241,249,255,255,
255,255,248,240,241,245,248,255,
255,255,247,242,244,245,245,253


255,254,244,242,252,255,255,255,
255,250,241,241,246,255,255,255,
255,250,247,247,244,255,255,255,
255,254,252,246,245,255,255,255,
255,255,253,243,248,255,255,255,
255,255,249,244,251,254,255,255,
255,253,242,241,242,243,248,255,
255,254,244,241,242,243,247,254


255,255,255,246,245,255,255,255,
255,255,252,240,246,255,255,255,
255,255,247,241,253,255,255,255,
255,255,244,244,254,255,255,255,
255,255,242,244,246,249,254,255,
255,255,242,241,243,243,245,255,
255,255,247,241,248,246,241,253,
255,255,255,247,241,241,245,254


255,255,253,245,244,251,255,255,
255,255,250,241,240,247,255,255,
255,254,247,240,240,248,255,255,
255,254,246,240,240,249,255,255,
255,254,248,242,240,249,255,255,
255,255,250,243,240,248,255,255,
255,255,251,243,240,246,254,255,
255,255,253,246,242,247,254,255


255,255,250,243,242,248,255,255,
255,253,242,245,247,242,253,255,
255,252,243,250,248,243,253,255,
255,254,246,242,242,249,255,255,
255,255,248,240,243,253,255,255,
255,254,243,247,245,248,255,255,
255,254,242,248,247,244,254,255,
255,255,250,242,242,248,255,255


255,255,255,251,244,243,251,255,
255,255,249,245,244,242,249,255,
255,253,245,246,245,242,250,255,
255,252,244,244,242,241,251,255,
255,254,250,250,245,242,253,255,
255,255,255,254,244,244,255,255,
255,255,255,252,242,247,255,255,
255,255,255,250,245,249,254,255


255,255,255,255,255,255,255,255,255,255,255,255,255,255,255,255,255,255,255,255,255,255,255,255,255,255,255,255,255,255,255,255,255,255,255,255,255,255,255,255,255,255,255,255,255,255,255,255,255,255,255,255,255,255,255,255,255,255,255,255,255,255,255,255


255,255,250,242,245,253,255,255,
255,255,242,242,242,245,255,255,
255,252,241,250,252,242,252,255,
255,251,242,254,255,245,249,255,
255,250,243,254,255,245,249,255,
255,252,242,253,253,241,251,255,
255,255,242,244,242,243,255,255,
255,255,250,242,244,253,255,255

255,255,251,242,244,252,255,255,
255,254,241,245,245,244,255,255,
255,250,242,254,254,244,251,255,
255,249,245,255,255,248,248,255,
255,249,245,255,255,249,247,255,
255,251,243,255,255,247,248,255,
255,255,242,248,249,241,252,255,
255,255,250,241,241,249,255,255


255,255,255,255,255,255,255,255,255,255,255,255,255,255,255,255,255,255,255,255,255,255,255,255,255,255,255,255,255,255,255,255,255,255,255,255,255,255,255,255,255,255,255,255,255,255,255,255,255,255,255,255,255,255,255,255,255,255,255,255,255,255,255,255
255,255,255,255,255,255,255,255,255,255,255,255,255,255,255,255,255,255,255,255,255,255,255,255,255,255,255,255,255,255,255,255,255,255,255,255,255,255,255,255,255,255,255,255,255,255,255,255,255,255,255,255,255,255,255,255,255,255,255,255,255,255,255,255
255,255,255,255,255,255,255,255,255,255,255,255,255,255,255,255,255,255,255,255,255,255,255,255,255,255,255,255,255,255,255,255,255,255,255,255,255,255,255,255,255,255,255,255,255,255,255,255,255,255,255,255,255,255,255,255,255,255,255,255,255,255,255,255
255,255,255,255,255,255,255,255,255,255,255,255,255,255,255,255,255,255,255,255,255,255,255,255,255,255,255,255,255,255,255,255,255,255,255,255,255,255,255,255,255,255,255,255,255,255,255,255,255,255,255,255,255,255,255,255,255,255,255,255,255,255,255,255


255,255,255,253,242,251,255,255,
255,255,255,246,243,252,254,255,
255,255,252,242,249,251,252,255,
255,254,245,245,252,245,250,255,
255,249,241,246,245,241,251,255,
255,247,242,243,241,241,253,255,
255,252,250,249,241,246,255,255,
255,255,255,252,242,250,255,255


255,255,249,242,243,251,255,255,
255,253,242,245,245,248,255,255,
255,252,242,247,245,246,254,255,
255,254,246,244,243,242,252,255,
255,255,254,254,253,243,249,255,
255,255,255,255,255,246,247,255,
255,255,248,250,250,243,248,255,
255,255,249,242,241,245,253,255


255,255,253,244,247,254,254,255,
255,255,248,242,251,251,250,255,
255,253,242,247,253,245,249,255,
255,249,240,247,245,241,249,255,
255,250,242,241,240,242,251,255,
255,254,251,246,241,250,255,255,
255,255,254,245,244,254,255,255,
255,255,253,243,248,255,255,255


255,254,245,241,243,248,254,255,
255,253,244,245,243,245,253,255,
255,254,250,252,243,245,254,255,
255,254,249,245,240,247,253,255,
255,254,246,240,242,247,252,255,
255,255,248,240,248,253,255,255,
255,255,245,243,252,255,255,255,
255,254,244,246,253,255,255,255


255,255,250,242,241,242,248,254,
255,255,247,245,246,242,246,254,
255,255,254,255,251,242,250,255,
255,255,253,249,244,242,252,255,
255,255,248,243,240,243,251,255,
255,255,253,245,244,251,255,255,
255,255,252,242,249,254,255,255,
255,255,248,243,253,255,255,255


255,255,248,241,243,252,255,255,
255,252,241,247,245,244,254,255,
255,250,245,254,250,241,253,255,
255,253,245,247,243,241,252,255,
255,255,251,246,245,242,249,255,
255,255,255,255,255,246,246,255,
255,255,249,250,252,243,246,255,
255,255,248,241,240,243,252,255



255,255,253,242,244,254,255,255,
255,254,244,241,243,246,255,255,
255,251,241,249,253,242,253,255,
255,250,241,253,255,247,249,255,
255,250,242,254,255,249,247,255,
255,253,241,253,255,247,246,255,
255,255,244,244,247,241,249,255,
255,255,253,243,240,245,255,255


255,255,253,243,249,255,255,255,
255,255,246,242,252,255,255,255,
255,254,242,249,255,255,255,255,
255,253,241,250,251,254,255,255,
255,252,241,242,242,243,252,255,
255,253,240,246,252,247,244,255,
255,255,244,244,252,246,243,255,
255,255,253,244,240,242,250,255


255,254,246,241,243,251,255,255,
255,251,243,247,243,246,255,255,
255,254,253,251,242,248,255,255,
255,255,253,244,242,252,255,255,
255,255,254,247,243,245,254,255,
255,255,255,255,252,242,249,255,
255,254,248,250,249,242,249,255
255,255,245,241,242,247,254,255


255,255,245,241,247,254,255,255,
255,250,241,244,241,251,255,255,
255,252,248,254,242,250,255,255,
255,255,254,253,241,251,255,255,
255,255,255,248,242,254,255,255,
255,255,252,243,247,255,255,255,
255,254,244,240,244,246,249,255,
255,255,245,241,242,242,245,254


255,255,255,255,255,255,255,255,255,255,255,255,255,255,255,255,255,255,255,255,255,255,255,255,255,255,255,255,255,255,255,255,255,255,255,255,255,255,255,255,255,255,255,255,255,255,255,255,255,255,255,255,255,255,255,255,255,255,255,255,255,255,255,255
