
P5
# Ex1_cluster0
8 8
255 255 250 242 245 253 255 255 
255 254 242 243 243 247 255 255 
255 252 242 250 251 245 253 255 
255 251 244 253 253 247 250 255 
255 251 246 254 253 247 249 255 
255 253 245 253 253 245 250 255 
255 255 243 245 245 243 251 255 
255 255 250 242 242 248 253 255


255 255 255 255 255 255 255 255 255 255 255 255 255 255 255 255 255 255 255 255 255 255 255 255 255 255 255 255 255 255 255 255 255 255 255 255 255 255 255 255 255 255 255 255 255 255 255 255 255 255 255 255 255 255 255 255 255 255 255 255 255 255 255 255

P5
# Ex1_cluster2
8 8
255 255 250 243 242 248 255 255 
255 253 241 246 247 242 252 255 
255 251 243 251 249 243 253 255 
255 254 245 242 241 248 255 255 
255 255 248 241 243 251 255 255 
255 254 243 248 247 246 254 255 
255 254 242 249 249 243 253 255 
255 255 250 242 241 247 254 255

P5
# Ex1_cluster3
8 8
255 255 253 246 244 246 251 255 
255 255 246 242 248 246 248 255 
255 252 243 249 252 245 249 255 
255 251 243 246 246 243 250 255 
255 253 248 246 244 244 253 255 
255 255 254 250 243 249 255 255 
255 255 254 247 243 253 255 255 
255 255 253 244 248 255 255 255

P5
# Ex1_cluster4
8 8
255 255 248 242 241 244 250 255 
255 254 246 246 245 242 249 255 
255 255 254 255 249 243 252 255 
255 255 252 249 243 244 252 255 
255 254 247 242 241 244 251 255 
255 255 251 242 246 252 255 255 
255 255 249 242 252 255 255 255 
255 255 246 244 254 255 255 255

P5
# Ex1_cluster5
8 8
255 255 255 252 243 249 255 255 
255 255 255 246 243 249 254 255 
255 255 250 242 247 248 252 255 
255 253 243 245 248 244 251 255 
255 250 243 246 243 242 252 255 
255 250 247 246 241 243 254 255 
255 254 253 250 241 246 254 255 
255 255 255 252 243 249 254 255

P5
# Ex1_cluster6
8 8
255 255 253 245 248 255 255 255 
255 255 248 242 250 255 255 255 
255 255 243 247 255 255 255 255 
255 253 242 249 254 255 255 255 
255 252 241 244 244 246 254 255 
255 253 241 243 247 244 247 255 
255 255 245 243 249 245 244 255
255 255 253 245 241 243 250 255

P5
# Ex1_cluster7
8 8
255 255 248 242 246 253 255 255 
255 252 244 242 242 249 255 255 
255 252 246 246 243 250 255 255 
255 254 249 244 243 252 255 255 
255 255 251 242 244 253 255 255 
255 255 249 242 245 253 255 255
255 255 245 241 243 247 252 255 
255 255 248 242 243 248 251 255

P5
# Ex1_cluster8
8 8
255 255 248 242 243 251 255 255 
255 252 242 246 244 244 254 255 
255 253 248 252 245 244 254 255 
255 255 250 245 242 245 254 255 
255 255 254 250 246 243 252 255 
255 255 255 255 252 244 249 255 
255 255 249 249 248 243 249 255 
255 255 247 241 242 247 253 255

P5
# Ex1_cluster9
8 8
255 255 249 243 242 246 253 255 
255 253 242 243 246 249 254 255 
255 252 242 249 252 254 255 255 
255 251 241 242 245 251 255 255
255 254 248 247 245 245 253 255 
255 255 252 254 250 243 252 255 
255 255 248 248 245 243 253 255 
255 255 248 242 243 250 255 255
